-1.299099272794454 1.7471990405405653 1.8780245231564485 -2.3353402117344366 -1.274936326634721 2.619518807909236 2.504093977946378
-1.955760584443641 1.7566162581036318 1.9239004139856282 -2.401632123057819 -1.0312628631807117 2.8541799295743306 2.547565685948251
-1.5648830401879925 1.760008323603748 1.5865299642994706 -2.4280338579499072 -1.1728446703172393 2.8391254906833825 2.4295538720191288
-1.654191687968041 1.7615376568342507 1.635861249000579 -2.5803735118946576 -1.2951417050244967 2.8377410485070653 2.430326775780985
-1.117778887085103 1.7604804999852883 2.1219747522253765 -2.7670937091187624 -1.2547445463713354 2.501921272760654 2.4271897149797845
-1.117778887085103 1.7604804999852883 2.1219747522253765 -2.7670937091187624 -1.2547445463713354 2.501921272760654 2.4271897149797845
-1.3051215882505645 1.1516701969779892 2.5908229543476207 -2.870983404992384 -1.0417204735114807 2.794595076745389 2.6750448584636226
-1.2242627685585543 0.6819321422432547 2.5846133057501874 -2.6041292231223143 -0.9987237998909672 2.8772935221562523 2.7500361117455694
-1.7896154119239323 0.5545156973607376 2.200936724090594 -2.7487224342316194 -0.495062861995983 3.5812969298373334 2.4641219513333503
-1.4578557956217395 0.18244826426799507 2.1913804776773365 -2.5038381687390174 -0.3521136446964774 3.4106261215792433 2.4837728560243613
-1.4348432183489421 0.4779197674631177 2.3854330771472623 -2.7757801071521757 -0.5941410452311422 3.545449470343128 2.461559495202369
-1.8771242371851338 -0.26395256336716627 2.8552485899083795 -2.1310912430524818 -0.4391925449515426 3.0691849383244927 2.5516545945690057
-2.0376736248334177 -0.016738260643207267 2.347838731447697 -2.0944331403504393 -0.11554308962590266 3.2416514156924965 2.563055909461979
-2.0637335028379566 -0.011891478442947698 2.322265623862566 -1.7564498689016736 -0.1899035112057939 3.0342097636918437 2.5424568518535318
-2.0647943069689045 -0.14054085986501164 2.337301032370461 -2.5747364980851635 -0.013121070636099456 3.6823446197445295 2.628481997720069
-2.4680870181503196 0.7995904227664146 2.0045986269047664 -2.775005535894845 -0.5969191238284111 3.689709785294642 2.6833073037767496
-2.5378253383734286 1.723514813440544 2.8635552252312384 -2.9414912478713116 -0.7299170866788405 3.113008037580895 2.79116083402446
-1.5852209237880512 0.12719543570058703 2.6173706922200717 -2.84546586538616 -0.8542237942333275 3.6884065503827235 2.307425326453772
-0.48774676056586735 1.5886978944898196 1.6001213199511375 -1.6731486055656646 -1.0887999817729006 2.1938839425810257 2.377978452260718
-0.6750402387877239 1.5899830996813085 2.004915048497644 -2.3575044059994332 -1.284126663330743 2.4149869447040757 2.679670715674191
-0.46508678512178464 1.5894879321550068 1.793583867873967 -2.191361165657476 -1.362195542112158 2.382534604611046 2.61340719728281
-0.4957727479833883 1.5900987288834052 1.9514057499305633 -2.6470779441368912 -1.3551834045206994 2.3315282414236616 2.655270397734311
-0.5177052252376122 1.7076406813385452 2.199627957321385 -2.7766542285438307 -1.2284794067260645 2.257160039986917 2.434263391590962
-1.4716443318275 1.2197201452649646 2.8485923267834696 -3.040789945054583 -0.4384461819354322 3.1209927531878154 2.3888854623532887
-1.7098524701758446 1.728436098500452 2.8185370623835055 -2.9575246382446925 -0.4737940509267207 2.8337051498975327 2.3376139685273865
-2.1208572233392453 1.7463932365205157 2.3816982930398596 -2.84375328060578 -0.47115663302608934 3.061327279761837 2.3482851964284976
-1.6716776552499941 1.7299165528782625 1.9707444408496837 -2.490809248505247 -0.5493212847888149 2.7800066137391166 2.113720475232665
-1.440080401238183 1.728513096573524 1.8710894681528245 -2.304840900402776 -0.5492539673079059 2.7173103888903762 2.1126650116043137
-1.6193477805432277 1.724634074798198 1.528111987014521 -2.224886198976907 -0.5737291058525242 2.6272708099674222 2.1388067222338814
-1.8142340655536036 0.9672480458129807 2.6233452694204344 -2.187230486239269 -0.5760446256729302 2.8179573075667763 2.407690101535784
-1.6547121803844205 0.3438146659976002 2.623441834413949 -1.8376100056220575 -0.47895453534440385 2.7703007936521717 2.411163068337047