-1.02078 0.306325 2.41319 -1.99237 -1.65119 1.47099 0.301082
-1.16185 0.461433 2.31159 -2.29041 -2.03666 1.65103 0.304046
-1.0003 0.127178 2.09086 -1.97019 -1.82425 1.75917 0.514002
-1.26635 0.750488 2.70309 -2.40831 -1.97951 1.31081 -0.02811
-1.20193 0.710436 2.43695 -2.4087 -2.0377 1.56397 0.271726
-0.991055 0.352181 2.08639 -2.11077 -2.00295 1.83709 0.288209
-1.19939 0.650521 2.28327 -2.21989 -2.13191 1.77269 0.105585
-1.35915 0.738123 2.36424 -2.64127 -2.3168 1.5988 0.452411
-1.13766 0.161422 2.25909 -2.18785 -1.98387 1.77248 0.695799
-1.0315 0.402877 2.46677 -2.28192 -1.8496 1.4292 0.378152
-1.07439 0.286754 2.1327 -2.21272 -2.03851 1.80774 0.653036
-1.24857 0.693947 2.30292 -2.4105 -2.04648 1.54496 0.362162
-0.841516 0.0987684 1.92897 -2.03042 -1.6529 1.75192 0.323984
-0.863323 0.150386 1.84911 -1.98762 -1.72036 1.9481 0.403696
-0.902326 0.245638 2.22488 -2.13326 -1.85561 1.58852 0.468594
-0.910372 0.32614 2.17112 -2.0475 -1.73155 1.7265 0.135116
-1.06684 0.625199 2.47696 -2.44413 -1.81091 1.2468 0.465381
-0.963931 0.230227 2.04665 -1.88283 -1.95115 1.62668 0.217964
-0.992615 0.605613 2.38086 -2.46004 -1.8304 1.27902 0.512705
-0.822909 0.168015 1.87554 -2.16347 -1.81461 1.66813 0.420789
-0.733962 -0.0525597 1.81821 -2.14711 -1.84831 1.83569 0.511367
-0.67022 0.530285 1.87179 -2.02951 -2.17741 1.41437 0.345585
-1.04077 0.838465 2.55592 -2.57076 -1.87997 1.24283 0.118378
-0.819448 0.21867 1.95273 -2.03984 -1.95841 1.53798 0.368654
-1.01255 0.698048 2.56866 -2.38685 -1.99635 1.02603 0.311886
-1.06484 0.856975 2.0855 -2.52578 -2.07547 1.35717 0.514325
-0.982775 0.660533 2.25369 -2.14957 -2.04559 1.36877 -0.00127942
-0.904728 0.626119 2.42765 -2.3483 -1.95385 1.20719 0.277458
-0.528432 0.297302 1.64301 -1.91417 -1.95379 1.79048 0.247661
-1.05289 0.291087 2.11163 -1.94225 -1.80473 1.83628 0.0389469
-1.02965 0.334639 2.07005 -1.91477 -1.83816 1.9562 0.315727
-1.10271 0.262415 2.51594 -2.00667 -1.66465 1.46853 0.110843
-1.19222 0.664533 2.57428 -2.38977 -1.81254 1.29628 0.290398
-1.11405 0.245179 2.23442 -2.2549 -1.88441 1.54913 0.375442
-0.994032 0.588411 2.45509 -2.30421 -1.91579 1.45485 0.165248
-1.0621 0.551468 2.14149 -2.32038 -2.10956 1.59066 0.540959
-1.02395 0.390648 2.44464 -2.13124 -1.79252 1.23181 0.195789
-1.05319 0.6843 2.52972 -2.38043 -1.83871 1.26777 0.225464
-0.955067 0.330357 2.17994 -2.06279 -1.79335 1.44642 0.267943
-0.975163 0.414606 2.35098 -2.16714 -1.8654 1.30128 0.318735
